Q
1 1 1 1 1 
1 1 1 1 1 
1 1 1 1 1 
1 1 1 1 1 
1 1 1 1 1 
[[1, 1, 1, 1, 1], [1, 1, 1, 1, 1], [1, 1, 1, 1, 1], [1, 1, 1, 1, 1], [1, 1, 1, 1, 1]]
0
up [[0, 1, 1, 1, 1], [1, 1, 1, 1, 1], [1, 1, 1, 1, 1], [1, 1, 1, 1, 1], [1, 1, 1, 1, 1]]
down [[0, 1, 1, 1, 1], [0, 1, 1, 1, 1], [0, 1, 1, 1, 1], [0, 1, 1, 1, 1], [0, 1, 1, 1, 1]]
right [[0, 0, 0, 0, 0], [0, 1, 1, 1, 1], [0, 1, 1, 1, 1], [0, 1, 1, 1, 1], [0, 1, 1, 1, 1]]
0 0
left [[0, 0, 0, 0, 0], [0, 1, 1, 1, 1], [0, 1, 1, 1, 1], [0, 1, 1, 1, 1], [0, 1, 1, 1, 1]]
0 0 0 0 0 
0 1 1 1 0 
0 1 1 1 1 
0 1 1 1 1 
0 0 1 1 0 
S
0 0 0 0 0 
0 1 1 1 0 
0 1 1 1 1 
0 1 1 1 1 
0 0 1 1 0 
4
3
2
1
4 4
4 3
4 2
4 1
0 0 0 0 0 
0 0 0 0 0 
0 0 1 1 0 
0 0 1 1 0 
0 0 0 0 0 
K
0 0 0 0 0 
0 0 0 0 0 
0 0 1 1 0 
0 0 1 1 0 
0 0 0 0 0 
0 0 0 0 0 
0 0 0 0 0 
0 0 0 1 0 
0 0 1 1 0 
0 0 0 0 0 
3
