R
1 1 1 1 1 1 
1 1 1 1 1 1 
1 1 1 1 1 1 
1 1 1 1 1 1 
1 1 1 1 1 1 
1 1 1 1 1 1 
[[1, 1, 1, 1, 1, 1], [1, 1, 1, 1, 1, 1], [1, 1, 1, 1, 1, 1], [1, 1, 1, 1, 1, 1], [1, 1, 1, 1, 1, 1], [1, 1, 1, 1, 1, 1]]
up [[1, 1, 0, 1, 1, 1], [1, 1, 0, 1, 1, 1], [1, 1, 0, 1, 1, 1], [1, 1, 0, 1, 1, 1], [1, 1, 0, 1, 1, 1], [1, 1, 0, 1, 1, 1]]
down [[1, 1, 0, 1, 1, 1], [1, 1, 0, 1, 1, 1], [1, 1, 0, 1, 1, 1], [1, 1, 0, 1, 1, 1], [1, 1, 0, 1, 1, 1], [1, 1, 0, 1, 1, 1]]
right [[1, 1, 0, 0, 1, 1], [1, 1, 0, 0, 1, 1], [1, 1, 0, 0, 1, 1], [1, 1, 0, 0, 1, 1], [1, 1, 0, 0, 1, 1], [1, 1, 0, 0, 1, 1]]
1 2
1 1
1 0
left [[0, 0, 0, 0, 1, 1], [0, 0, 0, 0, 1, 1], [0, 0, 0, 0, 1, 1], [0, 0, 0, 0, 1, 1], [0, 0, 0, 0, 1, 1], [0, 0, 0, 0, 1, 1]]
0 0 0 0 1 1 
0 0 0 0 1 1 
0 0 0 0 1 1 
0 0 0 0 1 1 
0 0 0 0 1 1 
0 0 0 0 1 1 
S
0 0 0 0 1 1 
0 0 0 0 1 1 
0 0 0 0 1 1 
0 0 0 0 1 1 
0 0 0 0 1 1 
0 0 0 0 1 1 
5 5
5 4
5 3
5 2
5 1
0 0 0 0 0 0 
0 0 0 0 0 0 
0 0 0 0 0 0 
0 0 0 0 0 0 
0 0 0 0 0 0 
0 0 0 0 0 0 
0
